0.00499987602234
0.00400018692017
0.00499987602234
0.00399994850159
0.00500011444092
0.00399994850159
0.00500011444092
0.00499987602234
0.00500011444092
0.00499987602234
0.00399994850159
0.00500011444092
0.00399994850159
0.00500011444092
0.00399994850159
0.00499987602234
0.00400018692017
0.00499987602234
0.00399994850159
0.00500011444092
0.00499987602234
0.00400018692017
0.00499987602234
0.00399994850159
0.00500011444092
0.00399994850159
0.00500011444092
0.00399994850159
0.00499987602234
0.00400018692017
0.00499987602234
0.00399994850159
0.00500011444092
0.00399994850159
0.00500011444092
0.00399994850159
0.00499987602234
0.00400018692017
0.00499987602234
0.00399994850159
0.00500011444092
0.00399994850159
0.00500011444092
0.00499987602234
0.00399994850159
0.00500011444092
0.00399994850159
0.00399994850159
0.00500011444092
0.00399994850159
0.00499987602234
0.00400018692017
0.00499987602234
0.00399994850159
0.00500011444092
0.00399994850159
0.00500011444092
0.00499987602234
0.00399994850159
0.00500011444092
0.00399994850159
0.00500011444092
0.00499987602234
0.00500011444092
0.00499987602234
0.00399994850159
0.00500011444092
0.00399994850159
0.00399994850159
0.00500011444092
0.00399994850159
0.00500011444092
0.00399994850159
0.00499987602234
0.00500011444092
0.00399994850159
0.00500011444092
0.00399994850159
0.00499987602234
0.00400018692017
0.00499987602234
0.00500011444092
0.00399994850159
0.00499987602234
0.00400018692017
0.00499987602234
0.00399994850159
0.00500011444092
0.00499987602234
0.00500011444092
0.00399994850159
0.00500011444092
0.00399994850159
0.00499987602234
0.00400018692017
0.00499987602234
0.00399994850159
0.00500011444092
0.00399994850159
0.00500011444092
